0 0.568359375 0.083984375 0.03125 0.03125
0 0.61328125 0.15234375 0.03125 0.03125
0 0.638671875 0.1484375 0.03125 0.03125
0 0.64453125 0.265625 0.03125 0.03125
0 0.6796875 0.248046875 0.03125 0.03125
0 0.69140625 0.24609375 0.03125 0.03125
0 0.701171875 0.27734375 0.03125 0.03125
0 0.703125 0.240234375 0.03125 0.03125
0 0.703125 0.3125 0.03125 0.03125
0 0.71484375 0.2578125 0.03125 0.03125
0 0.716796875 0.3125 0.03125 0.03125
0 0.724609375 0.333984375 0.03125 0.03125
0 0.73046875 0.3515625 0.03125 0.03125
0 0.734375 0.2578125 0.03125 0.03125
0 0.734375 0.3125 0.03125 0.03125
0 0.7421875 0.27734375 0.03125 0.03125
0 0.7578125 0.306640625 0.03125 0.03125
