0 0.193359375 0.5546875 0.03125 0.03125
0 0.25 0.51171875 0.03125 0.03125
0 0.431640625 0.3515625 0.03125 0.03125
0 0.583984375 0.375 0.03125 0.03125
0 0.5859375 0.3515625 0.03125 0.03125
0 0.591796875 0.310546875 0.03125 0.03125
0 0.591796875 0.33203125 0.03125 0.03125
0 0.60546875 0.39453125 0.03125 0.03125
0 0.61328125 0.375 0.03125 0.03125
0 0.693359375 0.2890625 0.03125 0.03125
0 0.7265625 0.296875 0.03125 0.03125
0 0.7265625 0.34375 0.03125 0.03125
0 0.818359375 0.4765625 0.03125 0.03125
0 0.828125 0.4921875 0.03125 0.03125
