0 0.46875 0.7421875 0.03125 0.03125
0 0.484375 0.7265625 0.03125 0.03125
0 0.49609375 0.587890625 0.03125 0.03125
0 0.501953125 0.708984375 0.03125 0.03125
0 0.50390625 0.609375 0.03125 0.03125
0 0.50390625 0.65625 0.03125 0.03125
0 0.505859375 0.630859375 0.03125 0.03125
0 0.5078125 0.5078125 0.03125 0.03125
0 0.509765625 0.68359375 0.03125 0.03125
0 0.51171875 0.52734375 0.03125 0.03125
0 0.51171875 0.57421875 0.03125 0.03125
0 0.515625 0.486328125 0.03125 0.03125
0 0.5234375 0.55078125 0.03125 0.03125
0 0.53515625 0.48046875 0.03125 0.03125
0 0.5546875 0.474609375 0.03125 0.03125
0 0.572265625 0.46484375 0.03125 0.03125
0 0.576171875 0.4453125 0.03125 0.03125
0 0.595703125 0.4375 0.03125 0.03125
0 0.60546875 0.41796875 0.03125 0.03125
