0 0.1875 0.24609375 0.03125 0.03125
0 0.20703125 0.25390625 0.03125 0.03125
0 0.21875 0.201171875 0.03125 0.03125
0 0.23046875 0.244140625 0.03125 0.03125
0 0.24609375 0.26171875 0.03125 0.03125
0 0.267578125 0.294921875 0.03125 0.03125
0 0.271484375 0.158203125 0.03125 0.03125
0 0.2890625 0.181640625 0.03125 0.03125
0 0.296875 0.328125 0.03125 0.03125
0 0.3046875 0.19140625 0.03125 0.03125
0 0.328125 0.1875 0.03125 0.03125
0 0.34765625 0.2109375 0.03125 0.03125
0 0.36328125 0.234375 0.03125 0.03125
0 0.390625 0.2734375 0.03125 0.03125
0 0.40234375 0.28515625 0.03125 0.03125
0 0.44140625 0.265625 0.03125 0.03125
0 0.462890625 0.283203125 0.03125 0.03125
0 0.640625 0.47265625 0.03125 0.03125
0 0.66796875 0.486328125 0.03125 0.03125
0 0.6953125 0.4609375 0.03125 0.03125
0 0.701171875 0.5 0.03125 0.03125
0 0.73046875 0.5078125 0.03125 0.03125
0 0.75390625 0.509765625 0.03125 0.03125
0 0.7734375 0.486328125 0.03125 0.03125
0 0.775390625 0.513671875 0.03125 0.03125
