0 0.2578125 0.234375 0.03125 0.03125
0 0.2734375 0.244140625 0.03125 0.03125
0 0.28515625 0.2265625 0.03125 0.03125
0 0.416015625 0.203125 0.03125 0.03125
0 0.416015625 0.25390625 0.03125 0.03125
0 0.419921875 0.171875 0.03125 0.03125
0 0.44921875 0.330078125 0.03125 0.03125
0 0.453125 0.154296875 0.03125 0.03125
0 0.455078125 0.216796875 0.03125 0.03125
0 0.4609375 0.345703125 0.03125 0.03125
0 0.46484375 0.228515625 0.03125 0.03125
0 0.46484375 0.359375 0.03125 0.03125
0 0.490234375 0.146484375 0.03125 0.03125
0 0.4921875 0.16015625 0.03125 0.03125
0 0.49609375 0.21484375 0.03125 0.03125
0 0.49609375 0.369140625 0.03125 0.03125
0 0.5 0.3984375 0.03125 0.03125
0 0.501953125 0.421875 0.03125 0.03125
0 0.50390625 0.19140625 0.03125 0.03125
0 0.533203125 0.15234375 0.03125 0.03125
0 0.55859375 0.171875 0.03125 0.03125
