0 0.203125 0.404296875 0.03125 0.03125
0 0.203125 0.4296875 0.03125 0.03125
0 0.318359375 0.271484375 0.03125 0.03125
0 0.34765625 0.28515625 0.03125 0.03125
0 0.3671875 0.296875 0.03125 0.03125
0 0.4140625 0.2734375 0.03125 0.03125
0 0.5078125 0.328125 0.03125 0.03125
0 0.5234375 0.1484375 0.03125 0.03125
0 0.62109375 0.265625 0.03125 0.03125
0 0.62890625 0.296875 0.03125 0.03125
0 0.65234375 0.28515625 0.03125 0.03125
0 0.671875 0.26953125 0.03125 0.03125
0 0.69140625 0.2421875 0.03125 0.03125
