0 0.390625 0.39453125 0.03125 0.03125
0 0.40625 0.37890625 0.03125 0.03125
0 0.435546875 0.37890625 0.03125 0.03125
0 0.501953125 0.28515625 0.03125 0.03125
0 0.505859375 0.306640625 0.03125 0.03125
0 0.59765625 0.392578125 0.03125 0.03125
0 0.615234375 0.220703125 0.03125 0.03125
0 0.623046875 0.341796875 0.03125 0.03125
0 0.625 0.31640625 0.03125 0.03125
0 0.6328125 0.302734375 0.03125 0.03125
0 0.642578125 0.216796875 0.03125 0.03125
0 0.6484375 0.23828125 0.03125 0.03125
0 0.658203125 0.302734375 0.03125 0.03125
0 0.6640625 0.42578125 0.03125 0.03125
0 0.6875 0.263671875 0.03125 0.03125
0 0.6875 0.2890625 0.03125 0.03125
0 0.77734375 0.44921875 0.03125 0.03125
0 0.78125 0.41796875 0.03125 0.03125
