0 0.3828125 0.185546875 0.03125 0.03125
0 0.3828125 0.421875 0.03125 0.03125
0 0.39453125 0.390625 0.03125 0.03125
0 0.41796875 0.36328125 0.03125 0.03125
0 0.443359375 0.3984375 0.03125 0.03125
0 0.50390625 0.26953125 0.03125 0.03125
0 0.509765625 0.21875 0.03125 0.03125
0 0.51171875 0.2421875 0.03125 0.03125
0 0.583984375 0.384765625 0.03125 0.03125
0 0.5859375 0.283203125 0.03125 0.03125
0 0.595703125 0.359375 0.03125 0.03125
0 0.625 0.38671875 0.03125 0.03125
0 0.6484375 0.33984375 0.03125 0.03125
0 0.65234375 0.216796875 0.03125 0.03125
0 0.6640625 0.30078125 0.03125 0.03125
0 0.6640625 0.32421875 0.03125 0.03125
0 0.6640625 0.4296875 0.03125 0.03125
0 0.6875 0.25390625 0.03125 0.03125
0 0.6875 0.2890625 0.03125 0.03125
0 0.689453125 0.27734375 0.03125 0.03125
0 0.703125 0.25390625 0.03125 0.03125
0 0.716796875 0.25390625 0.03125 0.03125
0 0.73046875 0.25390625 0.03125 0.03125
