0 0.55859375 0.078125 0.03125 0.03125
0 0.55859375 0.12890625 0.03125 0.03125
0 0.59765625 0.16015625 0.03125 0.03125
0 0.60546875 0.232421875 0.03125 0.03125
0 0.62890625 0.14453125 0.03125 0.03125
0 0.6328125 0.34765625 0.03125 0.03125
0 0.642578125 0.1484375 0.03125 0.03125
0 0.65234375 0.150390625 0.03125 0.03125
0 0.71484375 0.26171875 0.03125 0.03125
0 0.71484375 0.283203125 0.03125 0.03125
0 0.71484375 0.296875 0.03125 0.03125
0 0.72265625 0.244140625 0.03125 0.03125
0 0.73046875 0.259765625 0.03125 0.03125
0 0.73046875 0.33984375 0.03125 0.03125
0 0.732421875 0.296875 0.03125 0.03125
0 0.734375 0.2734375 0.03125 0.03125
0 0.7421875 0.31640625 0.03125 0.03125
