0 0.423828125 0.23828125 0.03125 0.03125
0 0.4375 0.16015625 0.03125 0.03125
0 0.44140625 0.177734375 0.03125 0.03125
0 0.443359375 0.197265625 0.03125 0.03125
0 0.451171875 0.21484375 0.03125 0.03125
0 0.45703125 0.1796875 0.03125 0.03125
0 0.462890625 0.171875 0.03125 0.03125
0 0.509765625 0.20703125 0.03125 0.03125
0 0.515625 0.447265625 0.03125 0.03125
0 0.521484375 0.470703125 0.03125 0.03125
0 0.529296875 0.20703125 0.03125 0.03125
0 0.5546875 0.2421875 0.03125 0.03125
0 0.556640625 0.501953125 0.03125 0.03125
0 0.57421875 0.515625 0.03125 0.03125
0 0.59765625 0.52734375 0.03125 0.03125
