0 0.357421875 0.125 0.03125 0.03125
0 0.48828125 0.12890625 0.03125 0.03125
0 0.494140625 0.162109375 0.03125 0.03125
0 0.515625 0.1953125 0.03125 0.03125
0 0.533203125 0.109375 0.03125 0.03125
0 0.55859375 0.126953125 0.03125 0.03125
0 0.560546875 0.2109375 0.03125 0.03125
0 0.576171875 0.248046875 0.03125 0.03125
0 0.59375 0.255859375 0.03125 0.03125
0 0.59765625 0.279296875 0.03125 0.03125
0 0.623046875 0.205078125 0.03125 0.03125
0 0.634765625 0.1875 0.03125 0.03125
0 0.64453125 0.275390625 0.03125 0.03125
0 0.650390625 0.1796875 0.03125 0.03125
0 0.671875 0.1640625 0.03125 0.03125
0 0.6953125 0.158203125 0.03125 0.03125
