0 0.39453125 0.201171875 0.03125 0.03125
0 0.40234375 0.21484375 0.03125 0.03125
0 0.404296875 0.271484375 0.03125 0.03125
0 0.408203125 0.255859375 0.03125 0.03125
0 0.4140625 0.2265625 0.03125 0.03125
0 0.4140625 0.240234375 0.03125 0.03125
0 0.48828125 0.203125 0.03125 0.03125
0 0.49609375 0.21875 0.03125 0.03125
0 0.50390625 0.19140625 0.03125 0.03125
0 0.673828125 0.17578125 0.03125 0.03125
0 0.67578125 0.162109375 0.03125 0.03125
0 0.67578125 0.17578125 0.03125 0.03125
0 0.68359375 0.16015625 0.03125 0.03125
0 0.6875 0.1484375 0.03125 0.03125
0 0.689453125 0.181640625 0.03125 0.03125
