0 0.65625 0.5234375 0.03125 0.03125
0 0.658203125 0.546875 0.03125 0.03125
0 0.66015625 0.484375 0.03125 0.03125
0 0.673828125 0.47265625 0.03125 0.03125
0 0.6796875 0.564453125 0.03125 0.03125
0 0.681640625 0.453125 0.03125 0.03125
0 0.6875 0.43359375 0.03125 0.03125
0 0.689453125 0.587890625 0.03125 0.03125
0 0.689453125 0.61328125 0.03125 0.03125
0 0.69140625 0.408203125 0.03125 0.03125
0 0.69140625 0.640625 0.03125 0.03125
0 0.6953125 0.38671875 0.03125 0.03125
0 0.6953125 0.65625 0.03125 0.03125
0 0.70703125 0.36328125 0.03125 0.03125
