0 0.38671875 0.34765625 0.03125 0.03125
0 0.431640625 0.357421875 0.03125 0.03125
0 0.501953125 0.294921875 0.03125 0.03125
0 0.505859375 0.26953125 0.03125 0.03125
0 0.5078125 0.2421875 0.03125 0.03125
0 0.63671875 0.33203125 0.03125 0.03125
0 0.640625 0.306640625 0.03125 0.03125
0 0.64453125 0.23046875 0.03125 0.03125
0 0.650390625 0.26171875 0.03125 0.03125
0 0.66796875 0.27734375 0.03125 0.03125
0 0.685546875 0.275390625 0.03125 0.03125
0 0.705078125 0.28515625 0.03125 0.03125
0 0.845703125 0.359375 0.03125 0.03125
