0 0.203125 0.53125 0.03125 0.03125
0 0.220703125 0.52734375 0.03125 0.03125
0 0.240234375 0.521484375 0.03125 0.03125
0 0.25390625 0.515625 0.03125 0.03125
0 0.265625 0.50390625 0.03125 0.03125
0 0.5703125 0.224609375 0.03125 0.03125
0 0.67578125 0.47265625 0.03125 0.03125
0 0.705078125 0.28125 0.03125 0.03125
0 0.71484375 0.359375 0.03125 0.03125
0 0.71875 0.453125 0.03125 0.03125
0 0.72265625 0.30078125 0.03125 0.03125
0 0.7265625 0.37890625 0.03125 0.03125
0 0.7265625 0.4296875 0.03125 0.03125
0 0.73046875 0.40234375 0.03125 0.03125
0 0.806640625 0.45703125 0.03125 0.03125
0 0.8203125 0.3125 0.03125 0.03125
0 0.826171875 0.330078125 0.03125 0.03125
0 0.8515625 0.361328125 0.03125 0.03125
0 0.86328125 0.3984375 0.03125 0.03125
