0 0.46484375 0.6484375 0.03125 0.03125
0 0.46484375 0.650390625 0.03125 0.03125
0 0.466796875 0.697265625 0.03125 0.03125
0 0.46875 0.68359375 0.03125 0.03125
0 0.54296875 0.552734375 0.03125 0.03125
0 0.552734375 0.541015625 0.03125 0.03125
0 0.55859375 0.453125 0.03125 0.03125
0 0.55859375 0.529296875 0.03125 0.03125
0 0.560546875 0.509765625 0.03125 0.03125
0 0.5625 0.45703125 0.03125 0.03125
0 0.56640625 0.4921875 0.03125 0.03125
0 0.580078125 0.4296875 0.03125 0.03125
0 0.58203125 0.42578125 0.03125 0.03125
