0 0.33984375 0.58203125 0.03125 0.03125
0 0.359375 0.58984375 0.03125 0.03125
0 0.37890625 0.59765625 0.03125 0.03125
0 0.3984375 0.60546875 0.03125 0.03125
0 0.416015625 0.6171875 0.03125 0.03125
0 0.435546875 0.62890625 0.03125 0.03125
0 0.45703125 0.6328125 0.03125 0.03125
0 0.4765625 0.63671875 0.03125 0.03125
0 0.498046875 0.63671875 0.03125 0.03125
0 0.517578125 0.64453125 0.03125 0.03125
0 0.53515625 0.65234375 0.03125 0.03125
0 0.556640625 0.65625 0.03125 0.03125
0 0.576171875 0.66796875 0.03125 0.03125
0 0.59375 0.6796875 0.03125 0.03125
