0 0.20703125 0.556640625 0.03125 0.03125
0 0.208984375 0.537109375 0.03125 0.03125
0 0.208984375 0.587890625 0.03125 0.03125
0 0.21484375 0.51953125 0.03125 0.03125
0 0.216796875 0.572265625 0.03125 0.03125
0 0.21875 0.544921875 0.03125 0.03125
0 0.232421875 0.515625 0.03125 0.03125
0 0.234375 0.53515625 0.03125 0.03125
0 0.234375 0.552734375 0.03125 0.03125
0 0.25390625 0.51953125 0.03125 0.03125
0 0.279296875 0.51953125 0.03125 0.03125
0 0.30078125 0.5234375 0.03125 0.03125
0 0.31640625 0.5234375 0.03125 0.03125
0 0.3359375 0.51953125 0.03125 0.03125
0 0.35546875 0.515625 0.03125 0.03125
