0 0.3203125 0.484375 0.03125 0.03125
0 0.328125 0.47265625 0.03125 0.03125
0 0.34375 0.45703125 0.03125 0.03125
0 0.3671875 0.41796875 0.03125 0.03125
0 0.37890625 0.41015625 0.03125 0.03125
0 0.390625 0.40234375 0.03125 0.03125
0 0.41015625 0.390625 0.03125 0.03125
0 0.50390625 0.33203125 0.03125 0.03125
0 0.58984375 0.228515625 0.03125 0.03125
0 0.6171875 0.27734375 0.03125 0.03125
0 0.6328125 0.296875 0.03125 0.03125
0 0.63671875 0.3203125 0.03125 0.03125
0 0.6796875 0.3203125 0.03125 0.03125
0 0.72265625 0.296875 0.03125 0.03125
0 0.8046875 0.44921875 0.03125 0.03125
0 0.83984375 0.34375 0.03125 0.03125
0 0.861328125 0.39453125 0.03125 0.03125
