0 0.349609375 0.63671875 0.03125 0.03125
0 0.349609375 0.64453125 0.03125 0.03125
0 0.35546875 0.591796875 0.03125 0.03125
0 0.35546875 0.599609375 0.03125 0.03125
0 0.357421875 0.517578125 0.03125 0.03125
0 0.357421875 0.52734375 0.03125 0.03125
0 0.357421875 0.552734375 0.03125 0.03125
0 0.361328125 0.466796875 0.03125 0.03125
0 0.36328125 0.3984375 0.03125 0.03125
0 0.36328125 0.404296875 0.03125 0.03125
0 0.36328125 0.439453125 0.03125 0.03125
0 0.365234375 0.470703125 0.03125 0.03125
0 0.3671875 0.37890625 0.03125 0.03125
