0 0.49609375 0.625 0.03125 0.03125
0 0.49609375 0.6484375 0.03125 0.03125
0 0.5078125 0.662109375 0.03125 0.03125
0 0.51171875 0.51171875 0.03125 0.03125
0 0.51171875 0.615234375 0.03125 0.03125
0 0.51171875 0.705078125 0.03125 0.03125
0 0.515625 0.642578125 0.03125 0.03125
0 0.517578125 0.681640625 0.03125 0.03125
0 0.51953125 0.494140625 0.03125 0.03125
0 0.51953125 0.53515625 0.03125 0.03125
0 0.5234375 0.4765625 0.03125 0.03125
0 0.525390625 0.58203125 0.03125 0.03125
0 0.52734375 0.55859375 0.03125 0.03125
0 0.546875 0.46484375 0.03125 0.03125
0 0.5703125 0.45703125 0.03125 0.03125
