0 0.2109375 0.4296875 0.03125 0.03125
0 0.38671875 0.81640625 0.03125 0.03125
0 0.50390625 0.80078125 0.03125 0.03125
0 0.5234375 0.828125 0.03125 0.03125
0 0.525390625 0.783203125 0.03125 0.03125
0 0.53125 0.802734375 0.03125 0.03125
0 0.5390625 0.78125 0.03125 0.03125
0 0.56640625 0.79296875 0.03125 0.03125
0 0.59375 0.794921875 0.03125 0.03125
0 0.62109375 0.80078125 0.03125 0.03125
0 0.626953125 0.77734375 0.03125 0.03125
0 0.642578125 0.798828125 0.03125 0.03125
0 0.65234375 0.81640625 0.03125 0.03125
0 0.654296875 0.78125 0.03125 0.03125
