0 0.36328125 0.30078125 0.03125 0.03125
0 0.4140625 0.19921875 0.03125 0.03125
0 0.42578125 0.28125 0.03125 0.03125
0 0.435546875 0.109375 0.03125 0.03125
0 0.49609375 0.13671875 0.03125 0.03125
0 0.49609375 0.17578125 0.03125 0.03125
0 0.529296875 0.185546875 0.03125 0.03125
0 0.552734375 0.15625 0.03125 0.03125
0 0.5546875 0.216796875 0.03125 0.03125
0 0.5625 0.19140625 0.03125 0.03125
0 0.5625 0.28515625 0.03125 0.03125
0 0.56640625 0.12890625 0.03125 0.03125
0 0.57421875 0.169921875 0.03125 0.03125
0 0.58203125 0.228515625 0.03125 0.03125
0 0.58203125 0.30859375 0.03125 0.03125
0 0.58984375 0.17578125 0.03125 0.03125
0 0.61328125 0.14453125 0.03125 0.03125
0 0.6484375 0.310546875 0.03125 0.03125
0 0.7109375 0.17578125 0.03125 0.03125
