0 0.31640625 0.5078125 0.03125 0.03125
0 0.3359375 0.515625 0.03125 0.03125
0 0.345703125 0.51953125 0.03125 0.03125
0 0.3515625 0.5078125 0.03125 0.03125
0 0.35546875 0.58203125 0.03125 0.03125
0 0.357421875 0.52734375 0.03125 0.03125
0 0.37109375 0.533203125 0.03125 0.03125
0 0.37109375 0.5703125 0.03125 0.03125
0 0.376953125 0.5546875 0.03125 0.03125
0 0.37890625 0.552734375 0.03125 0.03125
0 0.388671875 0.54296875 0.03125 0.03125
0 0.3984375 0.525390625 0.03125 0.03125
0 0.40625 0.513671875 0.03125 0.03125
0 0.41796875 0.5 0.03125 0.03125
0 0.419921875 0.490234375 0.03125 0.03125
0 0.4296875 0.486328125 0.03125 0.03125
0 0.4375 0.474609375 0.03125 0.03125
0 0.4453125 0.4609375 0.03125 0.03125
0 0.453125 0.451171875 0.03125 0.03125
0 0.4609375 0.439453125 0.03125 0.03125
0 0.46484375 0.43359375 0.03125 0.03125
0 0.46875 0.42578125 0.03125 0.03125
0 0.4765625 0.4140625 0.03125 0.03125
0 0.490234375 0.392578125 0.03125 0.03125
0 0.49609375 0.365234375 0.03125 0.03125
