0 0.18359375 0.25390625 0.03125 0.03125
0 0.1953125 0.240234375 0.03125 0.03125
0 0.216796875 0.234375 0.03125 0.03125
0 0.2265625 0.2421875 0.03125 0.03125
0 0.234375 0.212890625 0.03125 0.03125
0 0.2421875 0.259765625 0.03125 0.03125
0 0.248046875 0.185546875 0.03125 0.03125
0 0.259765625 0.28125 0.03125 0.03125
0 0.26171875 0.15234375 0.03125 0.03125
0 0.27734375 0.16796875 0.03125 0.03125
0 0.28125 0.310546875 0.03125 0.03125
0 0.287109375 0.142578125 0.03125 0.03125
0 0.29296875 0.330078125 0.03125 0.03125
0 0.298828125 0.357421875 0.03125 0.03125
0 0.30078125 0.173828125 0.03125 0.03125
0 0.3203125 0.1875 0.03125 0.03125
0 0.46484375 0.314453125 0.03125 0.03125
0 0.494140625 0.314453125 0.03125 0.03125
0 0.517578125 0.32421875 0.03125 0.03125
0 0.533203125 0.34765625 0.03125 0.03125
0 0.671875 0.494140625 0.03125 0.03125
0 0.703125 0.509765625 0.03125 0.03125
0 0.712890625 0.4765625 0.03125 0.03125
0 0.73046875 0.51171875 0.03125 0.03125
0 0.736328125 0.482421875 0.03125 0.03125
0 0.75 0.51171875 0.03125 0.03125
0 0.751953125 0.47265625 0.03125 0.03125
0 0.767578125 0.484375 0.03125 0.03125
0 0.77734375 0.517578125 0.03125 0.03125
0 0.78515625 0.494140625 0.03125 0.03125
0 0.796875 0.5234375 0.03125 0.03125
