0 0.224609375 0.19140625 0.03125 0.03125
0 0.28515625 0.1484375 0.03125 0.03125
0 0.330078125 0.185546875 0.03125 0.03125
0 0.34375 0.19921875 0.03125 0.03125
0 0.359375 0.23046875 0.03125 0.03125
0 0.380859375 0.25390625 0.03125 0.03125
0 0.546875 0.400390625 0.03125 0.03125
0 0.5546875 0.423828125 0.03125 0.03125
0 0.56640625 0.4375 0.03125 0.03125
0 0.58984375 0.4453125 0.03125 0.03125
0 0.62890625 0.453125 0.03125 0.03125
0 0.642578125 0.44921875 0.03125 0.03125
0 0.662109375 0.453125 0.03125 0.03125
