0 0.626953125 0.48828125 0.03125 0.03125
0 0.650390625 0.5 0.03125 0.03125
0 0.673828125 0.515625 0.03125 0.03125
0 0.69140625 0.53515625 0.03125 0.03125
0 0.7109375 0.544921875 0.03125 0.03125
0 0.73828125 0.560546875 0.03125 0.03125
0 0.751953125 0.556640625 0.03125 0.03125
0 0.76171875 0.576171875 0.03125 0.03125
0 0.763671875 0.552734375 0.03125 0.03125
0 0.7734375 0.576171875 0.03125 0.03125
0 0.78515625 0.556640625 0.03125 0.03125
0 0.7890625 0.5703125 0.03125 0.03125
0 0.80078125 0.556640625 0.03125 0.03125
0 0.8046875 0.57421875 0.03125 0.03125
