0 0.16796875 0.5859375 0.03125 0.03125
0 0.189453125 0.5859375 0.03125 0.03125
0 0.205078125 0.5625 0.03125 0.03125
0 0.2265625 0.55078125 0.03125 0.03125
0 0.283203125 0.28515625 0.03125 0.03125
0 0.296875 0.23828125 0.03125 0.03125
0 0.30859375 0.271484375 0.03125 0.03125
0 0.326171875 0.24609375 0.03125 0.03125
0 0.3359375 0.275390625 0.03125 0.03125
0 0.34375 0.25390625 0.03125 0.03125
0 0.353515625 0.30078125 0.03125 0.03125
0 0.361328125 0.26953125 0.03125 0.03125
0 0.3828125 0.30078125 0.03125 0.03125
0 0.4140625 0.302734375 0.03125 0.03125
0 0.435546875 0.29296875 0.03125 0.03125
0 0.470703125 0.3203125 0.03125 0.03125
0 0.498046875 0.345703125 0.03125 0.03125
0 0.521484375 0.36328125 0.03125 0.03125
