0 0.27734375 0.255859375 0.03125 0.03125
0 0.30078125 0.24609375 0.03125 0.03125
0 0.314453125 0.265625 0.03125 0.03125
0 0.3203125 0.22265625 0.03125 0.03125
0 0.3203125 0.23828125 0.03125 0.03125
0 0.32421875 0.25390625 0.03125 0.03125
0 0.337890625 0.24609375 0.03125 0.03125
0 0.35546875 0.24609375 0.03125 0.03125
0 0.37109375 0.25390625 0.03125 0.03125
0 0.42578125 0.1640625 0.03125 0.03125
0 0.44140625 0.189453125 0.03125 0.03125
0 0.50390625 0.15625 0.03125 0.03125
0 0.509765625 0.13671875 0.03125 0.03125
