0 0.3984375 0.203125 0.03125 0.03125
0 0.404296875 0.21484375 0.03125 0.03125
0 0.408203125 0.2265625 0.03125 0.03125
0 0.41015625 0.236328125 0.03125 0.03125
0 0.48828125 0.173828125 0.03125 0.03125
0 0.490234375 0.189453125 0.03125 0.03125
0 0.4921875 0.162109375 0.03125 0.03125
0 0.49609375 0.205078125 0.03125 0.03125
0 0.5 0.15234375 0.03125 0.03125
0 0.501953125 0.21484375 0.03125 0.03125
0 0.505859375 0.2265625 0.03125 0.03125
0 0.5078125 0.140625 0.03125 0.03125
0 0.65625 0.203125 0.03125 0.03125
0 0.658203125 0.205078125 0.03125 0.03125
0 0.67578125 0.162109375 0.03125 0.03125
0 0.6796875 0.15625 0.03125 0.03125
0 0.6875 0.150390625 0.03125 0.03125
