0 0.38671875 0.1484375 0.03125 0.03125
0 0.390625 0.146484375 0.03125 0.03125
0 0.408203125 0.19921875 0.03125 0.03125
0 0.439453125 0.26953125 0.03125 0.03125
0 0.48046875 0.18359375 0.03125 0.03125
0 0.48828125 0.16796875 0.03125 0.03125
0 0.48828125 0.173828125 0.03125 0.03125
0 0.48828125 0.236328125 0.03125 0.03125
0 0.5 0.21484375 0.03125 0.03125
0 0.501953125 0.2109375 0.03125 0.03125
0 0.50390625 0.1796875 0.03125 0.03125
0 0.51953125 0.234375 0.03125 0.03125
0 0.52734375 0.18359375 0.03125 0.03125
0 0.53125 0.181640625 0.03125 0.03125
0 0.576171875 0.1875 0.03125 0.03125
0 0.6015625 0.1640625 0.03125 0.03125
0 0.603515625 0.1640625 0.03125 0.03125
