0 0.421875 0.646484375 0.03125 0.03125
0 0.4296875 0.6328125 0.03125 0.03125
0 0.453125 0.62109375 0.03125 0.03125
0 0.455078125 0.541015625 0.03125 0.03125
0 0.46875 0.51171875 0.03125 0.03125
0 0.47265625 0.599609375 0.03125 0.03125
0 0.47265625 0.6015625 0.03125 0.03125
0 0.47265625 0.62890625 0.03125 0.03125
0 0.474609375 0.490234375 0.03125 0.03125
0 0.474609375 0.4921875 0.03125 0.03125
0 0.474609375 0.599609375 0.03125 0.03125
0 0.482421875 0.578125 0.03125 0.03125
0 0.486328125 0.53515625 0.03125 0.03125
0 0.4921875 0.552734375 0.03125 0.03125
0 0.552734375 0.46875 0.03125 0.03125
0 0.55859375 0.453125 0.03125 0.03125
0 0.5625 0.431640625 0.03125 0.03125
0 0.564453125 0.40625 0.03125 0.03125
0 0.572265625 0.390625 0.03125 0.03125
0 0.583984375 0.369140625 0.03125 0.03125
0 0.587890625 0.3515625 0.03125 0.03125
0 0.603515625 0.56640625 0.03125 0.03125
0 0.603515625 0.568359375 0.03125 0.03125
0 0.6171875 0.5625 0.03125 0.03125
0 0.63671875 0.57421875 0.03125 0.03125
0 0.638671875 0.57421875 0.03125 0.03125
