0 0.396484375 0.666015625 0.03125 0.03125
0 0.419921875 0.650390625 0.03125 0.03125
0 0.431640625 0.63671875 0.03125 0.03125
0 0.453125 0.62890625 0.03125 0.03125
0 0.462890625 0.6953125 0.03125 0.03125
0 0.46484375 0.671875 0.03125 0.03125
0 0.46484375 0.72265625 0.03125 0.03125
0 0.46875 0.6171875 0.03125 0.03125
0 0.583984375 0.40234375 0.03125 0.03125
0 0.5859375 0.37890625 0.03125 0.03125
0 0.5859375 0.40234375 0.03125 0.03125
0 0.587890625 0.357421875 0.03125 0.03125
0 0.591796875 0.310546875 0.03125 0.03125
0 0.591796875 0.33203125 0.03125 0.03125
0 0.607421875 0.30078125 0.03125 0.03125
0 0.6640625 0.619140625 0.03125 0.03125
0 0.671875 0.62890625 0.03125 0.03125
