0 0.466796875 0.70703125 0.03125 0.03125
0 0.46875 0.73046875 0.03125 0.03125
0 0.47265625 0.748046875 0.03125 0.03125
0 0.48046875 0.6875 0.03125 0.03125
0 0.501953125 0.748046875 0.03125 0.03125
0 0.517578125 0.73046875 0.03125 0.03125
0 0.53125 0.712890625 0.03125 0.03125
0 0.58984375 0.36328125 0.03125 0.03125
0 0.6015625 0.341796875 0.03125 0.03125
0 0.615234375 0.326171875 0.03125 0.03125
0 0.646484375 0.40625 0.03125 0.03125
0 0.66796875 0.40625 0.03125 0.03125
0 0.685546875 0.40625 0.03125 0.03125
