0 0.31640625 0.31640625 0.03125 0.03125
0 0.404296875 0.775390625 0.03125 0.03125
0 0.40625 0.775390625 0.03125 0.03125
0 0.419921875 0.7578125 0.03125 0.03125
0 0.419921875 0.759765625 0.03125 0.03125
0 0.431640625 0.740234375 0.03125 0.03125
0 0.466796875 0.779296875 0.03125 0.03125
0 0.474609375 0.76171875 0.03125 0.03125
0 0.603515625 0.310546875 0.03125 0.03125
0 0.61328125 0.294921875 0.03125 0.03125
0 0.62890625 0.287109375 0.03125 0.03125
0 0.689453125 0.41015625 0.03125 0.03125
0 0.708984375 0.41015625 0.03125 0.03125
0 0.732421875 0.412109375 0.03125 0.03125
