0 0.267578125 0.40234375 0.03125 0.03125
0 0.404296875 0.193359375 0.03125 0.03125
0 0.611328125 0.2421875 0.03125 0.03125
0 0.619140625 0.21484375 0.03125 0.03125
0 0.625 0.189453125 0.03125 0.03125
0 0.625 0.19140625 0.03125 0.03125
0 0.638671875 0.173828125 0.03125 0.03125
0 0.638671875 0.17578125 0.03125 0.03125
0 0.638671875 0.193359375 0.03125 0.03125
0 0.66015625 0.19921875 0.03125 0.03125
0 0.73828125 0.369140625 0.03125 0.03125
0 0.744140625 0.337890625 0.03125 0.03125
0 0.744140625 0.3515625 0.03125 0.03125
