0 0.43359375 0.509765625 0.03125 0.03125
0 0.453125 0.51953125 0.03125 0.03125
0 0.474609375 0.5390625 0.03125 0.03125
0 0.552734375 0.779296875 0.03125 0.03125
0 0.552734375 0.798828125 0.03125 0.03125
0 0.5546875 0.818359375 0.03125 0.03125
0 0.556640625 0.462890625 0.03125 0.03125
0 0.556640625 0.76171875 0.03125 0.03125
0 0.55859375 0.5078125 0.03125 0.03125
0 0.55859375 0.529296875 0.03125 0.03125
0 0.560546875 0.478515625 0.03125 0.03125
0 0.5625 0.548828125 0.03125 0.03125
0 0.5703125 0.494140625 0.03125 0.03125
