0 0.3828125 0.69140625 0.03125 0.03125
0 0.3984375 0.7109375 0.03125 0.03125
0 0.3984375 0.712890625 0.03125 0.03125
0 0.3984375 0.71484375 0.03125 0.03125
0 0.408203125 0.740234375 0.03125 0.03125
0 0.41015625 0.740234375 0.03125 0.03125
0 0.41796875 0.720703125 0.03125 0.03125
0 0.611328125 0.3125 0.03125 0.03125
0 0.61328125 0.3125 0.03125 0.03125
0 0.6171875 0.298828125 0.03125 0.03125
0 0.62890625 0.2890625 0.03125 0.03125
0 0.642578125 0.32421875 0.03125 0.03125
0 0.64453125 0.27734375 0.03125 0.03125
0 0.64453125 0.306640625 0.03125 0.03125
0 0.669921875 0.31640625 0.03125 0.03125
0 0.671875 0.31640625 0.03125 0.03125
0 0.69140625 0.322265625 0.03125 0.03125
