0 0.42578125 0.177734375 0.03125 0.03125
0 0.427734375 0.17578125 0.03125 0.03125
0 0.4296875 0.17578125 0.03125 0.03125
0 0.43359375 0.17578125 0.03125 0.03125
0 0.556640625 0.255859375 0.03125 0.03125
0 0.572265625 0.216796875 0.03125 0.03125
0 0.57421875 0.21875 0.03125 0.03125
0 0.57421875 0.220703125 0.03125 0.03125
0 0.57421875 0.22265625 0.03125 0.03125
0 0.720703125 0.22265625 0.03125 0.03125
0 0.72265625 0.2578125 0.03125 0.03125
0 0.72265625 0.259765625 0.03125 0.03125
0 0.724609375 0.302734375 0.03125 0.03125
0 0.7265625 0.224609375 0.03125 0.03125
0 0.728515625 0.30078125 0.03125 0.03125
0 0.73046875 0.30078125 0.03125 0.03125
0 0.75 0.326171875 0.03125 0.03125
0 0.755859375 0.33203125 0.03125 0.03125
0 0.767578125 0.373046875 0.03125 0.03125
0 0.76953125 0.361328125 0.03125 0.03125
