0 0.337890625 0.31640625 0.03125 0.03125
0 0.359375 0.31640625 0.03125 0.03125
0 0.42578125 0.755859375 0.03125 0.03125
0 0.427734375 0.755859375 0.03125 0.03125
0 0.443359375 0.740234375 0.03125 0.03125
0 0.453125 0.7265625 0.03125 0.03125
0 0.462890625 0.7109375 0.03125 0.03125
0 0.59765625 0.34375 0.03125 0.03125
0 0.607421875 0.326171875 0.03125 0.03125
0 0.6171875 0.310546875 0.03125 0.03125
0 0.626953125 0.30078125 0.03125 0.03125
0 0.66015625 0.400390625 0.03125 0.03125
0 0.67578125 0.40234375 0.03125 0.03125
0 0.693359375 0.408203125 0.03125 0.03125
0 0.70703125 0.404296875 0.03125 0.03125
