0 0.447265625 0.615234375 0.03125 0.03125
0 0.4609375 0.6015625 0.03125 0.03125
0 0.46875 0.583984375 0.03125 0.03125
0 0.48046875 0.5625 0.03125 0.03125
0 0.490234375 0.65625 0.03125 0.03125
0 0.4921875 0.548828125 0.03125 0.03125
0 0.5 0.630859375 0.03125 0.03125
0 0.501953125 0.529296875 0.03125 0.03125
0 0.515625 0.513671875 0.03125 0.03125
0 0.517578125 0.619140625 0.03125 0.03125
0 0.529296875 0.5 0.03125 0.03125
0 0.533203125 0.6015625 0.03125 0.03125
0 0.541015625 0.484375 0.03125 0.03125
0 0.541015625 0.486328125 0.03125 0.03125
0 0.552734375 0.470703125 0.03125 0.03125
0 0.5546875 0.44921875 0.03125 0.03125
0 0.560546875 0.423828125 0.03125 0.03125
0 0.564453125 0.40234375 0.03125 0.03125
