0 0.595703125 0.349609375 0.03125 0.03125
0 0.59765625 0.34765625 0.03125 0.03125
0 0.6015625 0.361328125 0.03125 0.03125
0 0.607421875 0.37109375 0.03125 0.03125
0 0.607421875 0.373046875 0.03125 0.03125
0 0.62109375 0.392578125 0.03125 0.03125
0 0.626953125 0.390625 0.03125 0.03125
0 0.6328125 0.412109375 0.03125 0.03125
0 0.63671875 0.419921875 0.03125 0.03125
0 0.642578125 0.427734375 0.03125 0.03125
0 0.642578125 0.4296875 0.03125 0.03125
0 0.642578125 0.431640625 0.03125 0.03125
0 0.646484375 0.44921875 0.03125 0.03125
0 0.650390625 0.44921875 0.03125 0.03125
0 0.65234375 0.44921875 0.03125 0.03125
0 0.65625 0.474609375 0.03125 0.03125
0 0.658203125 0.52734375 0.03125 0.03125
0 0.66015625 0.47265625 0.03125 0.03125
0 0.66015625 0.474609375 0.03125 0.03125
0 0.66015625 0.4765625 0.03125 0.03125
0 0.66015625 0.52734375 0.03125 0.03125
0 0.662109375 0.47265625 0.03125 0.03125
0 0.662109375 0.49609375 0.03125 0.03125
0 0.662109375 0.533203125 0.03125 0.03125
0 0.662109375 0.53515625 0.03125 0.03125
0 0.662109375 0.537109375 0.03125 0.03125
0 0.662109375 0.5390625 0.03125 0.03125
0 0.6640625 0.5 0.03125 0.03125
0 0.6640625 0.501953125 0.03125 0.03125
0 0.6640625 0.505859375 0.03125 0.03125
0 0.666015625 0.544921875 0.03125 0.03125
0 0.673828125 0.560546875 0.03125 0.03125
0 0.67578125 0.5625 0.03125 0.03125
0 0.67578125 0.5703125 0.03125 0.03125
0 0.677734375 0.591796875 0.03125 0.03125
0 0.6796875 0.591796875 0.03125 0.03125
0 0.685546875 0.59375 0.03125 0.03125
0 0.685546875 0.595703125 0.03125 0.03125
0 0.689453125 0.626953125 0.03125 0.03125
0 0.6953125 0.611328125 0.03125 0.03125
0 0.6953125 0.63671875 0.03125 0.03125
0 0.701171875 0.6484375 0.03125 0.03125
0 0.703125 0.66015625 0.03125 0.03125
