0 0.400390625 0.361328125 0.03125 0.03125
0 0.4140625 0.375 0.03125 0.03125
0 0.42578125 0.390625 0.03125 0.03125
0 0.478515625 0.677734375 0.03125 0.03125
0 0.486328125 0.658203125 0.03125 0.03125
0 0.498046875 0.638671875 0.03125 0.03125
0 0.50390625 0.619140625 0.03125 0.03125
0 0.505859375 0.619140625 0.03125 0.03125
0 0.515625 0.60546875 0.03125 0.03125
0 0.53125 0.587890625 0.03125 0.03125
0 0.5390625 0.5625 0.03125 0.03125
0 0.54296875 0.537109375 0.03125 0.03125
0 0.54296875 0.5390625 0.03125 0.03125
0 0.552734375 0.447265625 0.03125 0.03125
0 0.552734375 0.517578125 0.03125 0.03125
0 0.5546875 0.49609375 0.03125 0.03125
0 0.55859375 0.46875 0.03125 0.03125
0 0.568359375 0.43359375 0.03125 0.03125
0 0.572265625 0.39453125 0.03125 0.03125
0 0.572265625 0.419921875 0.03125 0.03125
0 0.587890625 0.376953125 0.03125 0.03125
0 0.58984375 0.408203125 0.03125 0.03125
0 0.615234375 0.40625 0.03125 0.03125
