0 0.388671875 0.337890625 0.03125 0.03125
0 0.404296875 0.349609375 0.03125 0.03125
0 0.46484375 0.705078125 0.03125 0.03125
0 0.4765625 0.6875 0.03125 0.03125
0 0.482421875 0.666015625 0.03125 0.03125
0 0.48828125 0.6484375 0.03125 0.03125
0 0.515625 0.732421875 0.03125 0.03125
0 0.52734375 0.71875 0.03125 0.03125
0 0.53515625 0.705078125 0.03125 0.03125
0 0.57421875 0.408203125 0.03125 0.03125
0 0.580078125 0.384765625 0.03125 0.03125
0 0.6015625 0.365234375 0.03125 0.03125
0 0.603515625 0.365234375 0.03125 0.03125
0 0.6171875 0.357421875 0.03125 0.03125
0 0.62109375 0.404296875 0.03125 0.03125
0 0.640625 0.40625 0.03125 0.03125
0 0.662109375 0.408203125 0.03125 0.03125
