0 0.564453125 0.314453125 0.03125 0.03125
0 0.572265625 0.330078125 0.03125 0.03125
0 0.587890625 0.341796875 0.03125 0.03125
0 0.58984375 0.341796875 0.03125 0.03125
0 0.595703125 0.365234375 0.03125 0.03125
0 0.60546875 0.38671875 0.03125 0.03125
0 0.642578125 0.611328125 0.03125 0.03125
0 0.642578125 0.61328125 0.03125 0.03125
0 0.654296875 0.630859375 0.03125 0.03125
0 0.654296875 0.6328125 0.03125 0.03125
0 0.654296875 0.65625 0.03125 0.03125
0 0.65625 0.6796875 0.03125 0.03125
0 0.6640625 0.705078125 0.03125 0.03125
0 0.666015625 0.705078125 0.03125 0.03125
