0 0.35546875 0.61328125 0.03125 0.03125
0 0.384765625 0.5703125 0.03125 0.03125
0 0.3984375 0.376953125 0.03125 0.03125
0 0.41796875 0.453125 0.03125 0.03125
0 0.423828125 0.408203125 0.03125 0.03125
0 0.46875 0.341796875 0.03125 0.03125
0 0.478515625 0.380859375 0.03125 0.03125
0 0.59375 0.3203125 0.03125 0.03125
0 0.615234375 0.361328125 0.03125 0.03125
0 0.6171875 0.361328125 0.03125 0.03125
0 0.63671875 0.3828125 0.03125 0.03125
0 0.677734375 0.373046875 0.03125 0.03125
0 0.69921875 0.4140625 0.03125 0.03125
0 0.705078125 0.349609375 0.03125 0.03125
0 0.75 0.439453125 0.03125 0.03125
