0 0.46875 0.529296875 0.03125 0.03125
0 0.486328125 0.54296875 0.03125 0.03125
0 0.509765625 0.552734375 0.03125 0.03125
0 0.521484375 0.5625 0.03125 0.03125
0 0.552734375 0.79296875 0.03125 0.03125
0 0.5546875 0.720703125 0.03125 0.03125
0 0.5546875 0.73828125 0.03125 0.03125
0 0.556640625 0.529296875 0.03125 0.03125
0 0.556640625 0.53125 0.03125 0.03125
0 0.556640625 0.77734375 0.03125 0.03125
0 0.55859375 0.759765625 0.03125 0.03125
0 0.5625 0.517578125 0.03125 0.03125
0 0.5625 0.548828125 0.03125 0.03125
0 0.564453125 0.568359375 0.03125 0.03125
0 0.564453125 0.638671875 0.03125 0.03125
0 0.564453125 0.705078125 0.03125 0.03125
0 0.56640625 0.673828125 0.03125 0.03125
0 0.5703125 0.62109375 0.03125 0.03125
