0 0.298828125 0.75 0.03125 0.03125
0 0.3046875 0.75390625 0.03125 0.03125
0 0.30859375 0.49609375 0.03125 0.03125
0 0.318359375 0.7265625 0.03125 0.03125
0 0.326171875 0.73046875 0.03125 0.03125
0 0.44921875 0.291015625 0.03125 0.03125
0 0.451171875 0.291015625 0.03125 0.03125
0 0.556640625 0.267578125 0.03125 0.03125
0 0.560546875 0.265625 0.03125 0.03125
0 0.716796875 0.294921875 0.03125 0.03125
0 0.71875 0.30859375 0.03125 0.03125
0 0.79296875 0.490234375 0.03125 0.03125
0 0.796875 0.490234375 0.03125 0.03125
0 0.796875 0.4921875 0.03125 0.03125
0 0.8203125 0.4921875 0.03125 0.03125
0 0.826171875 0.49609375 0.03125 0.03125
