0 0.427734375 0.224609375 0.03125 0.03125
0 0.443359375 0.240234375 0.03125 0.03125
0 0.453125 0.79296875 0.03125 0.03125
0 0.455078125 0.79296875 0.03125 0.03125
0 0.45703125 0.791015625 0.03125 0.03125
0 0.458984375 0.796875 0.03125 0.03125
0 0.46484375 0.76953125 0.03125 0.03125
0 0.46484375 0.771484375 0.03125 0.03125
0 0.46875 0.765625 0.03125 0.03125
0 0.626953125 0.27734375 0.03125 0.03125
0 0.6328125 0.283203125 0.03125 0.03125
0 0.642578125 0.267578125 0.03125 0.03125
0 0.64453125 0.267578125 0.03125 0.03125
0 0.662109375 0.263671875 0.03125 0.03125
0 0.662109375 0.26953125 0.03125 0.03125
0 0.67578125 0.328125 0.03125 0.03125
0 0.67578125 0.330078125 0.03125 0.03125
0 0.677734375 0.326171875 0.03125 0.03125
0 0.6953125 0.326171875 0.03125 0.03125
0 0.697265625 0.326171875 0.03125 0.03125
0 0.716796875 0.328125 0.03125 0.03125
0 0.71875 0.328125 0.03125 0.03125
