0 0.322265625 0.669921875 0.03125 0.03125
0 0.353515625 0.638671875 0.03125 0.03125
0 0.419921875 0.337890625 0.03125 0.03125
0 0.421875 0.376953125 0.03125 0.03125
0 0.45703125 0.318359375 0.03125 0.03125
0 0.46484375 0.341796875 0.03125 0.03125
0 0.46484375 0.34375 0.03125 0.03125
0 0.58203125 0.298828125 0.03125 0.03125
0 0.599609375 0.333984375 0.03125 0.03125
0 0.681640625 0.361328125 0.03125 0.03125
0 0.70703125 0.3359375 0.03125 0.03125
0 0.70703125 0.337890625 0.03125 0.03125
0 0.734375 0.4375 0.03125 0.03125
0 0.779296875 0.462890625 0.03125 0.03125
