0 0.591796875 0.361328125 0.03125 0.03125
0 0.59375 0.359375 0.03125 0.03125
0 0.59375 0.361328125 0.03125 0.03125
0 0.599609375 0.384765625 0.03125 0.03125
0 0.615234375 0.40234375 0.03125 0.03125
0 0.623046875 0.427734375 0.03125 0.03125
0 0.625 0.47265625 0.03125 0.03125
0 0.62890625 0.44921875 0.03125 0.03125
0 0.62890625 0.451171875 0.03125 0.03125
0 0.630859375 0.453125 0.03125 0.03125
0 0.6484375 0.5703125 0.03125 0.03125
0 0.6484375 0.59375 0.03125 0.03125
0 0.6484375 0.595703125 0.03125 0.03125
0 0.6484375 0.59765625 0.03125 0.03125
0 0.6484375 0.6171875 0.03125 0.03125
0 0.658203125 0.68359375 0.03125 0.03125
0 0.66015625 0.640625 0.03125 0.03125
0 0.662109375 0.6640625 0.03125 0.03125
