0 0.62109375 0.427734375 0.03125 0.03125
0 0.6328125 0.453125 0.03125 0.03125
0 0.63671875 0.47265625 0.03125 0.03125
0 0.63671875 0.474609375 0.03125 0.03125
0 0.63671875 0.478515625 0.03125 0.03125
0 0.63671875 0.48046875 0.03125 0.03125
0 0.640625 0.501953125 0.03125 0.03125
0 0.640625 0.50390625 0.03125 0.03125
0 0.640625 0.505859375 0.03125 0.03125
0 0.642578125 0.525390625 0.03125 0.03125
0 0.642578125 0.52734375 0.03125 0.03125
0 0.642578125 0.529296875 0.03125 0.03125
0 0.6484375 0.5546875 0.03125 0.03125
0 0.65625 0.583984375 0.03125 0.03125
0 0.65625 0.6015625 0.03125 0.03125
0 0.65625 0.603515625 0.03125 0.03125
0 0.658203125 0.6015625 0.03125 0.03125
0 0.66015625 0.6484375 0.03125 0.03125
0 0.662109375 0.626953125 0.03125 0.03125
0 0.662109375 0.62890625 0.03125 0.03125
0 0.6640625 0.626953125 0.03125 0.03125
