0 0.365234375 0.583984375 0.03125 0.03125
0 0.37890625 0.544921875 0.03125 0.03125
0 0.380859375 0.544921875 0.03125 0.03125
0 0.380859375 0.546875 0.03125 0.03125
0 0.404296875 0.47265625 0.03125 0.03125
0 0.41015625 0.408203125 0.03125 0.03125
0 0.419921875 0.53515625 0.03125 0.03125
0 0.458984375 0.357421875 0.03125 0.03125
0 0.478515625 0.396484375 0.03125 0.03125
0 0.607421875 0.349609375 0.03125 0.03125
0 0.640625 0.384765625 0.03125 0.03125
0 0.646484375 0.416015625 0.03125 0.03125
0 0.69140625 0.40234375 0.03125 0.03125
0 0.693359375 0.3671875 0.03125 0.03125
0 0.734375 0.423828125 0.03125 0.03125
