0 0.466796875 0.76953125 0.03125 0.03125
0 0.46875 0.708984375 0.03125 0.03125
0 0.46875 0.728515625 0.03125 0.03125
0 0.470703125 0.728515625 0.03125 0.03125
0 0.474609375 0.748046875 0.03125 0.03125
0 0.59765625 0.33984375 0.03125 0.03125
0 0.607421875 0.3203125 0.03125 0.03125
0 0.609375 0.302734375 0.03125 0.03125
0 0.62109375 0.287109375 0.03125 0.03125
0 0.630859375 0.306640625 0.03125 0.03125
0 0.650390625 0.306640625 0.03125 0.03125
0 0.658203125 0.63671875 0.03125 0.03125
0 0.681640625 0.6328125 0.03125 0.03125
